STATISTICS OF PARATOPE SEQUENCE ON ES OF RBD SURFACE BY NUMBERS
ES	RANGE	RBD	CLS	Hits	   A   R   N   D   C   Q   E   G   H   I   L   K   M   F   P   S   T   W   Y   V	                 TOP
0	------- --------  0	226	   2  12  19  11   0  15   2   6   4   1  14   2   0  18   2   9   8  51  50   0	---IAEKPHGTSDRLQFNYW
1	339-341 GEV       3	44	   2   0   0   0   0   0   1   0   0   0   7   0   0   4   1   4   0  18   5   2	-----------EPAVFSYLW
2	343-349 NTRFAS    3	229	   2  10  14  21   3   4   9  18   2   9   9   2   2   8   4  40  16  16  35   5	AHKMCQPVFEILRNTWGDYS
3	351-357 YAWNRKR   3	146	   3   0  11  19   0   1   4   6   2  10   9   2   2  13   1  21   7   9  23   3	--QPHKMAVEGTLWINFDSY
4	368-374 LYNSASF   4	178	   0  45   2   0   0   1   0   9   3   4   7  16   4   6   3   9   3  10  53   3	----QNHPTVIMFLGSWKRY
5	375-380 STFKCY    4	163	   0  14  12  12   0   1   3   9   0   2   6   6   0   8   4  13   6  10  53   4	----QIEPVLKTFGWNDSRY
6	381-386 GVSPTK    4	140	   0   7   9  19   0   3   2  10   1   0   6   1   0   3   0  17   7  14  39   2	-----HKEVQFLRTNGWSDY
7	403-409 RGDEVRQ   1	155	   2   4   5  20   0   4   5   5   1   0   7   0   0   9   2  15  10   6  54   6	----HAPRQNEGWVLFTSDY
8	411-417 APGQTGK   0	276	   0   4   5  17   0  15  10   8   2   3   0   2   3  41   5  22   4   4 130   1	---VHKIMRTWNPGEQDSFY
9	420-428 DYNYKLPDD  0	182	   4  13   7   0   0   4   2  47   1   1   0   3   0   0   2  61  13   3  20   1	-----HIVEPKWAQNRTYGS
10	437-443 NSNNLDS   2	202	   6  18  13   3   0   1  13  12   1  17   8   0   1   4   9  23  12  15  39   7	--QHMDFAVLPGTNEWIRSY
11	444-449 KVGGNY    2	399	   5  52  22  36   1  12  11  16  11  12   6  22   1  27   4  38  29  18  74   2	CMVPALEHQIGWNKFTDSRY
12	450-454 NYLYR     2	257	   3  11  13  24   2   3  11  22   5  14  10   3   1  16   4  22  24   8  41  20	MCAQKPHWLRENIFVGSDTY
13	455-460 LFRKSN    1	561	  16  19   8   4   3   7   3 148   2  11  19   2   4   8  21 116  20   6 128  16	HKCEDMWQNFIAVRLTPSYG
14	462-467 KPFERD    3	72	   1   8   1   7   0   0   1   1   1   0   5   0   0   2   0  12   0   1  31   1	-------ANEGHWVFLDRSY
15	468-472 ISTEI     2	137	   2  21   9   8   0   5   2  19   5   6   1   3   0   9   3  11   2   2  27   2	--LAETWVKPQHIDNFSGRY
16	473-479 YQAGSTP   1	525	   6  19  52  70  29   0  19  29   1  22   5   1   3   4   6  96 102   1  54   6	-HKWMFLAPVREICGNYDST
17	481-484 NGVE      2	245	   3  39  40  10   0   5   2  14   4   2   5   3   0   1   0  34  10  11  54   8	---FEIAKHQLVDTWGSRNY
18	485-487 GFN       1	397	   7  64  20  46   3   2  14  27   9   4   4   0   3  26   2  21  14  34  73  24	-QPCMILAHETNSVFGWDRY
19	488-491 CYFP      2	336	   7  62  19  12   3   0   6  12   6  17  20   5   5   6   7  36  18   5  73  17	-CKMWEHFAPDGIVTNLSRY
20	492-496 LQSYG     2	402	  15  39  37   8   0   1   4  20   5  21  20   4   3  21   7  51  56  10  65  15	-QMEKHPDWAVGLIFNRSTY
21	497-502 FQPTNG    1	190	  13   8  15  15   0   9   7  16   0   5   5   3   2   7  10  22  17   4  30   2	--MVKWILEFRQPANDGTSY
22	503-509 VGYQPYR   1	136	   1   4   3   9   0   5  11   5   0   6   1   3   0   8   5  21   8   6  37   3	---ALNKVRQGPIWFTDESY
23	516-520 ELLHA     0	25	   0   0   3   1   0   2   0   1   0   0   1   2   0   0   0   3   2   3   7   0	----------DGLQKTNSWY
SUM	------- --------	5623	 100 473 339 372  44 100 142 460  66 167 175  85  34 249 102 717 388 2651195 150	MCHKAQPEVILFWNDTGRSY
SUM	------- --------	 (%) 	   2   8   6   7   1   2   3   8   1   3   3   2   1   4   2  13   7   5  21   3

STATISTICS OF PARATOPE SEQUENCE ON ES of RBD SURFACE BY BITS
ES	RANGE	RBD	CLS	Hits	    A    R    N    D    C    Q    E    G    H    I    L    K    M    F    P    S    T    W    Y    V  Bits	TOP3
0	------- --------  0	226	 0.02 0.08 0.12 0.08 0.00 0.10 0.02 0.04 0.03 0.01 0.09 0.02 0.00 0.11 0.02 0.06 0.06 0.25 0.25 0.00 4.00	NYW
1	339-341 GEV       3	44	 0.02 0.00 0.00 0.00 0.00 0.00 0.01 0.00 0.00 0.00 0.05 0.00 0.00 0.03 0.01 0.03 0.00 0.11 0.04 0.02 4.24	YLW
2	343-349 NTRFAS    3	229	 0.02 0.07 0.09 0.13 0.02 0.03 0.06 0.11 0.02 0.06 0.06 0.02 0.02 0.06 0.03 0.21 0.10 0.10 0.18 0.04 3.98	DYS
3	351-357 YAWNRKR   3	146	 0.03 0.00 0.08 0.12 0.00 0.01 0.03 0.04 0.02 0.07 0.06 0.02 0.02 0.09 0.01 0.13 0.05 0.06 0.13 0.02 4.09	DSY
4	368-374 LYNSASF   4	178	 0.00 0.24 0.02 0.00 0.00 0.01 0.00 0.06 0.02 0.03 0.05 0.10 0.03 0.04 0.02 0.06 0.02 0.07 0.26 0.02 4.06	KRY
5	375-380 STFKCY    4	163	 0.00 0.09 0.08 0.08 0.00 0.01 0.02 0.06 0.00 0.02 0.04 0.04 0.00 0.06 0.03 0.08 0.04 0.07 0.26 0.03 4.07	SRY
6	381-386 GVSPTK    4	140	 0.00 0.05 0.06 0.12 0.00 0.02 0.02 0.07 0.01 0.00 0.04 0.01 0.00 0.02 0.00 0.11 0.05 0.09 0.21 0.02 4.11	SDY
7	403-409 RGDEVRQ   1	155	 0.02 0.03 0.04 0.12 0.00 0.03 0.04 0.04 0.01 0.00 0.05 0.00 0.00 0.06 0.02 0.10 0.07 0.04 0.27 0.04 4.09	SDY
8	411-417 APGQTGK   0	276	 0.00 0.03 0.04 0.11 0.00 0.10 0.07 0.06 0.02 0.02 0.00 0.02 0.02 0.22 0.04 0.13 0.03 0.03 0.52 0.01 3.97	SFY
9	420-428 DYNYKLPDD  0	182	 0.03 0.09 0.05 0.00 0.00 0.03 0.02 0.25 0.01 0.01 0.00 0.02 0.00 0.00 0.02 0.30 0.08 0.02 0.12 0.01 4.07	YGS
10	437-443 NSNNLDS   2	202	 0.05 0.11 0.09 0.02 0.00 0.01 0.09 0.08 0.01 0.11 0.06 0.00 0.01 0.03 0.06 0.13 0.08 0.09 0.20 0.05 4.01	RSY
11	444-449 KVGGNY    2	399	 0.04 0.27 0.13 0.20 0.01 0.08 0.07 0.10 0.07 0.08 0.04 0.13 0.01 0.15 0.03 0.19 0.15 0.10 0.32 0.02 3.78	DRY
12	450-454 NYLYR     2	257	 0.03 0.08 0.09 0.14 0.02 0.02 0.07 0.13 0.04 0.09 0.07 0.02 0.01 0.10 0.03 0.13 0.14 0.05 0.21 0.11 3.94	TDY
13	455-460 LFRKSN    1	561	 0.10 0.12 0.06 0.03 0.02 0.05 0.02 0.58 0.02 0.07 0.11 0.02 0.03 0.05 0.12 0.46 0.11 0.04 0.48 0.09 3.68	SYG
14	462-467 KPFERD    3	72	 0.01 0.06 0.01 0.05 0.00 0.00 0.01 0.01 0.01 0.00 0.04 0.00 0.00 0.02 0.00 0.08 0.00 0.01 0.18 0.01 4.21	RSY
15	468-472 ISTEI     2	137	 0.02 0.13 0.06 0.06 0.00 0.04 0.02 0.12 0.04 0.04 0.01 0.02 0.00 0.06 0.02 0.07 0.02 0.02 0.15 0.02 4.10	GRY
16	473-479 YQAGSTP   1	525	 0.05 0.12 0.27 0.33 0.16 0.00 0.11 0.16 0.01 0.13 0.04 0.01 0.02 0.03 0.04 0.40 0.41 0.01 0.24 0.04 3.68	DST
17	481-484 NGVE      2	245	 0.03 0.21 0.22 0.07 0.00 0.04 0.02 0.09 0.03 0.02 0.04 0.02 0.00 0.01 0.00 0.18 0.07 0.07 0.26 0.05 3.98	RNY
18	485-487 GFN       1	397	 0.05 0.32 0.12 0.24 0.02 0.02 0.09 0.15 0.06 0.03 0.03 0.00 0.02 0.15 0.02 0.12 0.09 0.18 0.32 0.13 3.79	DRY
19	488-491 CYFP      2	336	 0.05 0.31 0.12 0.08 0.02 0.00 0.04 0.08 0.04 0.10 0.12 0.04 0.04 0.04 0.05 0.19 0.11 0.04 0.32 0.10 3.86	SRY
20	492-496 LQSYG     2	402	 0.10 0.21 0.20 0.06 0.00 0.01 0.03 0.12 0.04 0.12 0.12 0.03 0.02 0.12 0.05 0.25 0.26 0.06 0.29 0.09 3.78	STY
21	497-502 FQPTNG    1	190	 0.09 0.06 0.10 0.10 0.00 0.06 0.05 0.10 0.00 0.04 0.04 0.02 0.02 0.05 0.07 0.13 0.10 0.03 0.16 0.02 4.03	TSY
22	503-509 VGYQPYR   1	136	 0.01 0.03 0.03 0.06 0.00 0.04 0.08 0.04 0.00 0.04 0.01 0.02 0.00 0.06 0.04 0.13 0.06 0.04 0.20 0.02 4.11	ESY
23	516-520 ELLHA     0	25	 0.00 0.00 0.03 0.01 0.00 0.02 0.00 0.01 0.00 0.00 0.01 0.02 0.00 0.00 0.00 0.02 0.02 0.02 0.05 0.00 4.27	SNY
SUM	------- --------	5623	 0.06 0.16 0.13 0.14 0.03 0.06 0.07 0.16 0.04 0.08 0.08 0.05 0.02 0.11 0.06 0.20 0.14 0.11 0.25 0.07 0.54	RSY
